deps_apply_batch                 1.297  (1.30, 1.45, 0.54)        5,893       4,664
deps_apply_batch_mc4             2.788  (1.30, 2.82, 2.79)        8,256       3,812
deps_cache_overwrite             0.298  (0.30, 0.20, 0.49)       28,339      95,218
deps_cache_overwrite_mc4         0.569  (0.59, 0.38, 0.57)       31,150      69,919
deps_mvcc_latest                 2.342  (2.39, 2.34, 1.62)      656,437     274,823
deps_raftlog                     0.994  (0.99, 0.35, 1.42)        5,784       7,591
deps_raftlog_mc4                 1.792  (1.64, 2.10, 1.79)       24,558      14,427
deps_scan                        1.790  (1.79, 1.63, 1.79)      469,204     261,789
ycsb_a                           0.233  (0.23, 0.25, 0.13)       49,736     201,917
ycsb_a_mc4                       0.522  (0.57, 0.52, 0.31)       62,707     120,069
ycsb_b                           0.496  (0.51, 0.50, 0.38)      390,139     785,867
ycsb_c                           1.796  (1.82, 1.80, 1.60)    2,542,776   1,410,769
ycsb_d                           0.487  (0.49, 0.49, 0.38)      387,494     795,097
ycsb_e                           2.121  (2.69, 2.12, 0.93)      250,138     117,883
ycsb_f                           0.265  (0.24, 0.29, 0.27)       45,803     165,667
ycsb_f_mc4                       0.479  (0.56, 0.48, 0.27)       66,811     139,365

>=2.0: 3/16
