deps_apply_batch                 1.517  (0.79, 1.81, 1.52)        2,012       1,733
deps_apply_batch_mc4             2.630  (1.92, 2.63, 3.44)        2,071         881
deps_cache_overwrite             0.294  (0.29, 0.33, 0.21)       12,291      58,606
deps_cache_overwrite_mc4         0.350  (0.35, 0.42, 0.31)        9,509      27,138
deps_mvcc_latest                 1.457  (1.46, 2.97, 1.23)      319,981     182,089
deps_raftlog                     1.077  (0.59, 1.08, 1.55)        9,680       8,470
deps_raftlog_mc4                 1.303  (1.30, 1.47, 1.18)        6,479       4,973
deps_scan                        2.771  (2.86, 2.77, 1.40)      361,160     153,515
ycsb_a                           0.434  (0.76, 0.25, 0.43)        9,607      36,428
ycsb_a_mc4                       0.232  (0.20, 0.33, 0.23)       11,959      52,914
ycsb_b                           0.236  (0.24, 1.33, 0.11)       41,694     176,369
ycsb_c                           2.084  (0.71, 2.08, 2.57)    1,137,333     794,308
ycsb_d                           0.440  (0.85, 0.26, 0.44)       38,074     136,083
ycsb_e                           0.954  (2.76, 0.89, 0.95)       25,650      25,596
ycsb_f                           0.320  (0.10, 0.32, 0.45)       11,115      34,731
ycsb_f_mc4                       0.288  (0.25, 0.44, 0.29)       11,819      27,051

>=0.8: 8/16
gate 0.8 (ycsb_a_mc4, ycsb_f_mc4, deps_cache_overwrite_mc4): 0.232 / 0.288 / 0.350 — NÃO atingido
peers: sync:false (3/3) | avg_group: 1.17 / 1.20 / 1.15 | load ~42 durante as runs
